precision: 0.7046796179027583
recall: 0.2831686015167308
f1-score: 0.4039955491059754